AA 30.98 0.70 31.68
KK 25.82 0.67 26.49
QQ 21.89 0.83 22.72
KAs 19.27 2.74 22.01
QAs 17.74 3.00 20.74
JJ 18.91 1.00 19.91
QKs 17.12 2.77 19.89
JAs 16.61 3.25 19.86
TAs 15.73 3.49 19.22
JKs 16.07 3.01 19.08
JQs 15.68 3.03 18.71
KA 15.76 2.83 18.59
TKs 15.28 3.24 18.52
TJs 14.97 3.32 18.29
TQs 14.98 3.25 18.23
TT 16.66 1.17 17.83
9As 13.84 3.41 17.25
QA 14.00 3.12 17.12
8As 13.19 3.56 16.75
5As 12.88 3.87 16.75
9Ts 13.41 3.18 16.59
QK 13.55 2.87 16.42
4As 12.73 3.69 16.42
9Ks 13.37 3.04 16.41
7As 12.69 3.68 16.37
9Js 13.14 3.07 16.21
3As 12.64 3.50 16.14
9Qs 13.10 3.02 16.12
99 15.19 0.92 16.11
JA 12.68 3.39 16.07
2As 12.56 3.35 15.91
6As 12.17 3.31 15.48
JK 12.32 3.12 15.44
TA 11.68 3.65 15.33
8Ts 12.16 3.16 15.32
JQ 12.10 3.15 15.25
8Ks 12.08 3.15 15.23
88 14.11 0.92 15.03
89s 12.18 2.81 14.99
8Js 11.86 3.07 14.93
TJ 11.43 3.45 14.88
7Ks 11.62 3.25 14.87
8Qs 11.80 3.04 14.84
TK 11.40 3.36 14.76
TQ 11.26 3.38 14.64
5Ks 11.01 3.36 14.37
78s 11.62 2.74 14.36
6Ks 11.18 3.04 14.22
77 13.29 0.91 14.20
7Ts 10.98 3.15 14.13
79s 11.31 2.80 14.11
4Ks 10.86 3.18 14.04
7Qs 10.67 3.15 13.82
7Js 10.67 3.09 13.76
3Ks 10.78 2.98 13.76
2Ks 10.71 2.83 13.54
5Qs 10.10 3.23 13.33
45s 10.70 2.57 13.27
6Qs 10.25 2.93 13.18
9A 9.60 3.57 13.17
66 12.51 0.65 13.16
9T 9.83 3.31 13.14
57s 10.44 2.66 13.10
67s 10.53 2.53 13.06
68s 10.56 2.49 13.05
4Qs 9.99 3.04 13.03
55 12.04 0.91 12.95
56s 10.48 2.35 12.83
3Qs 9.90 2.85 12.75
6Ts 9.79 2.88 12.67
69s 10.16 2.51 12.67
5Js 9.42 3.22 12.64
44 11.90 0.73 12.63
9J 9.40 3.21 12.61
8A 8.87 3.72 12.59
5A 8.50 4.04 12.54
2Qs 9.85 2.69 12.54
58s 9.82 2.71 12.53
9K 9.29 3.18 12.47
6Js 9.57 2.90 12.47
33 11.84 0.55 12.39
35s 10.00 2.36 12.36
9Q 9.19 3.15 12.34
4Js 9.31 3.02 12.33
22 11.88 0.41 12.29
4A 8.33 3.85 12.18
5Ts 8.93 3.24 12.17
7A 8.30 3.85 12.15
3Js 9.24 2.82 12.06
59s 9.24 2.79 12.03
47s 9.52 2.44 11.96
46s 9.75 2.14 11.89
4Ts 8.80 3.07 11.87
3A 8.23 3.64 11.87
2Js 9.19 2.66 11.85
34s 9.65 2.14 11.79
8T 8.45 3.31 11.76
2A 8.15 3.48 11.63
3Ts 8.72 2.86 11.58
89 8.58 2.92 11.50
48s 8.86 2.52 11.38
2Ts 8.68 2.70 11.38
25s 9.12 2.19 11.31
8J 7.99 3.21 11.20
6A 7.74 3.45 11.19
8K 7.88 3.30 11.18
49s 8.38 2.68 11.06
8Q 7.76 3.19 10.95
24s 8.99 1.96 10.95
78 8.05 2.85 10.90
37s 8.58 2.25 10.83
36s 8.86 1.93 10.79
39s 8.28 2.50 10.78
7K 7.36 3.41 10.77
29s 8.24 2.33 10.57
79 7.63 2.92 10.55
23s 8.73 1.75 10.48
7T 7.16 3.31 10.47
38s 8.02 2.40 10.42
28s 7.95 2.26 10.21
5K 6.67 3.52 10.19
6K 6.88 3.17 10.05
7J 6.70 3.25 9.95
27s 7.76 2.17 9.93
45 7.20 2.68 9.88
4K 6.52 3.33 9.85
7Q 6.53 3.30 9.83
26s 8.02 1.75 9.77
57 6.85 2.78 9.63
67 6.93 2.62 9.55
3K 6.42 3.11 9.53
68 6.90 2.59 9.49
56 6.92 2.45 9.37
2K 6.36 2.95 9.31
5Q 5.90 3.40 9.30
6Q 6.06 3.07 9.13
69 6.39 2.62 9.01
4Q 5.77 3.19 8.96
58 6.11 2.84 8.95
35 6.46 2.47 8.93
6T 5.87 3.03 8.90
5J 5.33 3.39 8.72
3Q 5.68 2.98 8.66
6J 5.50 3.04 8.54
2Q 5.62 2.81 8.43
47 5.86 2.56 8.42
46 6.16 2.23 8.39
5T 4.95 3.43 8.38
4J 5.20 3.18 8.38
59 5.39 2.94 8.33
34 6.11 2.22 8.33
3J 5.13 2.96 8.09
4T 4.80 3.24 8.04
2J 5.07 2.79 7.86
25 5.53 2.28 7.81
3T 4.72 3.02 7.74
48 5.08 2.65 7.73
2T 4.67 2.85 7.52
24 5.40 2.04 7.44
49 4.48 2.82 7.30
37 4.85 2.37 7.22
36 5.21 2.01 7.22
39 4.37 2.62 6.99
23 5.12 1.81 6.93
29 4.32 2.45 6.77
38 4.19 2.53 6.72
28 4.11 2.37 6.48
27 3.98 2.28 6.26
26 4.31 1.83 6.14
