AA 84.97 0.57 85.54
KK 82.10 0.58 82.68
QQ 79.63 0.61 80.24
JJ 77.16 0.65 77.81
TT 74.66 0.72 75.38
99 71.69 0.80 72.49
88 68.72 0.91 69.63
KAs 65.28 2.66 67.94
QAs 64.41 2.78 67.19
77 65.72 1.04 66.76
JAs 63.55 2.95 66.50
KA 63.49 2.75 66.24
TAs 62.66 3.18 65.84
QA 62.57 2.87 65.44
JA 61.63 3.06 64.69
QKs 61.58 2.97 64.55
9As 60.68 3.49 64.17
TA 60.70 3.29 63.99
JKs 60.69 3.14 63.83
66 62.58 1.18 63.76
8As 59.72 3.79 63.51
TKs 59.82 3.34 63.16
7As 58.61 4.11 62.72
QK 59.58 3.07 62.65
9A 58.60 3.61 62.21
5As 57.31 4.61 61.92
JK 58.64 3.25 61.89
JQs 58.43 3.31 61.74
6As 57.26 4.36 61.62
9Ks 57.89 3.64 61.53
8A 57.54 3.96 61.50
TK 57.72 3.47 61.19
TQs 57.56 3.51 61.07
4As 56.38 4.69 61.07
55 59.65 1.38 61.03
7A 56.36 4.30 60.66
3As 55.60 4.67 60.27
8Ks 56.08 3.96 60.04
5A 54.94 4.84 59.78
JQ 56.25 3.43 59.68
6A 54.91 4.58 59.49
2As 54.84 4.63 59.47
7Ks 55.13 4.30 59.43
9K 55.64 3.78 59.42
9Qs 55.62 3.79 59.41
TJs 55.67 3.64 59.31
TQ 55.31 3.65 58.96
4A 53.95 4.92 58.87
6Ks 53.98 4.58 58.56
3A 53.08 4.91 57.99
5Ks 53.15 4.82 57.97
8Qs 53.85 4.10 57.95
8K 53.68 4.14 57.82
44 56.26 1.55 57.81
9Js 53.65 3.99 57.64
9Q 53.25 3.95 57.20
7K 52.68 4.49 57.17
2A 52.24 4.90 57.14
TJ 53.34 3.78 57.12
4Ks 52.20 4.89 57.09
7Qs 51.96 4.45 56.41
3Ks 51.39 4.88 56.27
6K 51.44 4.80 56.24
9Ts 52.05 4.15 56.20
8Js 51.87 4.28 56.15
6Qs 51.02 4.76 55.78
8Q 51.34 4.28 55.62
5K 50.54 5.06 55.60
2Ks 50.58 4.85 55.43
9J 51.16 4.14 55.30
5Qs 50.18 5.00 55.18
8Ts 50.21 4.49 54.70
4K 49.51 5.15 54.66
7Js 50.01 4.61 54.62
33 52.84 1.73 54.57
4Qs 49.23 5.07 54.30
7Q 49.32 4.66 53.98
9T 49.47 4.32 53.79
3K 48.61 5.13 53.74
8J 49.25 4.46 53.71
3Qs 48.41 5.05 53.46
89s 48.63 4.71 53.34
6Q 48.29 4.98 53.27
7Ts 48.35 4.82 53.17
6Js 48.03 4.94 52.97
2K 47.73 5.11 52.84
5Q 47.39 5.25 52.64
5Js 47.41 5.20 52.61
2Qs 47.56 5.02 52.58
8T 47.49 4.68 52.17
7J 47.28 4.82 52.10
79s 46.78 5.07 51.85
4Js 46.45 5.27 51.72
4Q 46.36 5.33 51.69
6Ts 46.39 5.12 51.51
22 49.41 1.91 51.32
3Js 45.62 5.25 50.87
78s 45.57 5.29 50.86
3Q 45.46 5.32 50.78
89 45.85 4.91 50.76
7T 45.51 5.03 50.54
6J 45.16 5.17 50.33
69s 44.85 5.36 50.21
5Ts 44.65 5.40 50.05
2Js 44.79 5.23 50.02
5J 44.47 5.46 49.93
2Q 44.56 5.30 49.86
4Ts 43.91 5.49 49.40
68s 43.58 5.64 49.22
79 43.87 5.30 49.17
4J 43.43 5.55 48.98
6T 43.42 5.37 48.79
59s 43.14 5.63 48.77
3Ts 43.08 5.46 48.54
67s 42.60 5.85 48.45
78 42.58 5.54 48.12
3J 42.54 5.52 48.06
58s 41.87 5.90 47.77
2Ts 42.24 5.44 47.68
69 41.78 5.62 47.40
5T 41.54 5.67 47.21
2J 41.65 5.50 47.15
57s 40.93 6.15 47.08
49s 41.22 5.73 46.95
4T 40.75 5.78 46.53
56s 40.16 6.32 46.48
68 40.44 5.91 46.35
39s 40.61 5.73 46.34
48s 39.98 6.00 45.98
59 39.94 5.91 45.85
3T 39.84 5.76 45.60
67 39.39 6.13 45.52
29s 39.78 5.70 45.48
47s 39.06 6.25 45.31
45s 38.54 6.59 45.13
58 38.63 6.19 44.82
46s 38.30 6.46 44.76
2T 38.94 5.74 44.68
38s 38.16 5.97 44.13
57 37.63 6.47 44.10
49 37.89 6.03 43.92
28s 37.58 5.97 43.55
7s 37.25 6.24 43.49
56 36.83 6.65 43.48
35s 36.76 6.61 43.37
39 37.23 6.04 43.27
36s 36.51 6.45 42.96
48 36.60 6.30 42.90
29 36.34 6.02 42.36
34s 35.74 6.58 42.32
47 35.61 6.59 42.20
45 35.08 6.94 42.02
46 34.82 6.81 41.63
27s 35.40 6.21 41.61
25s 34.93 6.61 41.54
26s 34.68 6.43 41.11
38 34.64 6.30 40.94
24s 33.95 6.57 40.52
28 33.99 6.31 40.30
37 33.67 6.58 40.25
35 33.16 6.98 40.14
36 32.90 6.81 39.71
23s 33.12 6.54 39.66
34 32.08 6.95 39.03
27 31.68 6.56 38.24
25 31.21 6.97 38.18
26 30.91 6.80 37.71
24 30.14 6.95 37.09
23 29.29 6.91 36.20
