AA 73.28 0.61 73.89
KK 68.62 0.62 69.24
QQ 64.66 0.67 65.33
JJ 60.87 0.74 61.61
TT 57.24 0.82 58.06
99 53.28 0.84 54.12
KAs 49.18 2.70 51.88
QAs 47.81 2.90 50.71
88 49.60 0.88 50.48
JAs 46.51 3.15 49.66
KA 46.61 2.79 49.40
TAs 45.28 3.42 48.70
QKs 45.54 2.92 48.46
QA 45.14 3.01 48.15
JKs 44.26 3.15 47.41
77 46.11 0.93 47.04
JA 43.74 3.27 47.01
TKs 43.07 3.39 46.46
9As 42.61 3.73 46.34
TA 42.42 3.55 45.97
JQs 42.68 3.21 45.89
QK 42.79 3.01 45.80
8As 41.44 4.05 45.49
TQs 41.51 3.43 44.94
JK 41.41 3.26 44.67
7As 40.20 4.34 44.54
9Ks 40.47 3.65 44.12
TJs 40.45 3.45 43.90
5As 39.08 4.75 43.83
TK 40.14 3.52 43.66
66 42.64 0.96 43.60
9A 39.57 3.89 43.46
6As 38.67 4.49 43.16
JQ 39.79 3.32 43.11
4As 38.15 4.76 42.91
9Qs 38.95 3.65 42.60
8A 38.28 4.24 42.52
8Ks 38.20 3.95 42.15
TQ 38.54 3.56 42.10
3As 37.38 4.69 42.07
9Js 37.89 3.68 41.57
7A 36.94 4.55 41.49
7Ks 37.17 4.25 41.42
2As 36.61 4.63 41.24
9K 37.34 3.79 41.13
TJ 37.48 3.57 41.05
9Ts 37.24 3.70 40.94
55 39.65 1.08 40.73
5A 35.70 4.99 40.69
8Qs 36.75 3.90 40.65
6Ks 35.94 4.43 40.37
6A 35.30 4.70 40.00
5Ks 35.14 4.63 39.77
4A 34.70 4.99 39.69
8Js 35.72 3.89 39.61
9Q 35.80 3.79 39.59
8K 34.89 4.13 39.02
8Ts 35.08 3.91 38.99
4Ks 34.27 4.62 38.89
3A 33.84 4.93 38.77
7Qs 34.56 4.16 38.72
9J 34.71 3.81 38.52
89s 34.45 3.86 38.31
7K 33.77 4.44 38.21
3Ks 33.50 4.55 38.05
6Qs 33.56 4.36 37.92
9T 34.07 3.84 37.91
2A 32.98 4.87 37.85
7Js 33.57 4.11 37.68
8Q 33.42 4.06 37.48
44 36.36 1.11 37.47
5Qs 32.80 4.54 37.34
2Ks 32.75 4.48 37.23
6K 32.46 4.63 37.09
7Ts 32.98 4.09 37.07
79s 32.48 4.04 36.52
4Qs 31.96 4.52 36.48
5K 31.59 4.85 36.44
8J 32.38 4.05 36.43
78s 32.25 4.01 36.26
8T 31.76 4.06 35.82
3Qs 31.20 4.45 35.65
6Js 31.37 4.27 35.64
4K 30.63 4.85 35.48
7Q 31.05 4.35 35.40
5Js 30.80 4.48 35.28
89 31.13 4.01 35.14
6Ts 30.81 4.21 35.02
2Qs 30.44 4.37 34.81
3K 29.77 4.78 34.55
6Q 29.98 4.56 34.54
69s 30.36 4.13 34.49
4Js 29.98 4.45 34.43
7J 30.09 4.29 34.38
33 33.22 1.14 34.36
68s 30.19 4.10 34.29
67s 30.06 4.07 34.13
5Q 29.14 4.76 33.90
7T 29.49 4.26 33.75
3Js 29.27 4.37 33.64
2K 28.94 4.70 33.64
5Ts 28.99 4.38 33.37
79 29.01 4.20 33.21
78 28.80 4.16 32.96
4Q 28.20 4.73 32.93
59s 28.56 4.28 32.84
2Js 28.53 4.29 32.82
4Ts 28.38 4.40 32.78
57s 28.55 4.17 32.72
58s 28.45 4.22 32.67
56s 28.49 4.09 32.58
6J 27.70 4.45 32.15
3Q 27.38 4.66 32.04
3Ts 27.67 4.31 31.98
5J 27.09 4.69 31.78
45s 27.51 4.11 31.62
6T 27.15 4.39 31.54
22 30.27 1.19 31.46
2Ts 26.93 4.24 31.17
2Q 26.56 4.60 31.16
69 26.72 4.30 31.02
49s 26.70 4.25 30.95
4J 26.20 4.65 30.85
47s 26.73 4.12 30.85
68 26.59 4.25 30.84
46s 26.74 4.04 30.78
48s 26.59 4.17 30.76
67 26.46 4.22 30.68
39s 26.17 4.21 30.38
3J 25.38 4.58 29.96
35s 25.81 4.02 29.83
5T 25.20 4.59 29.79
29s 25.47 4.13 29.60
59 24.78 4.47 29.25
57 24.86 4.34 29.20
4T 24.54 4.60 29.14
58 24.72 4.40 29.12
2J 24.60 4.49 29.09
56 24.81 4.25 29.06
37s 24.91 4.04 28.95
34s 25.02 3.92 28.94
36s 24.96 3.95 28.91
38s 24.79 4.11 28.90
28s 24.30 4.07 28.37
3T 23.72 4.52 28.24
45 23.76 4.27 28.03
25s 24.04 3.93 27.97
2T 22.95 4.43 27.38
49 22.77 4.44 27.21
47 22.87 4.29 27.16
24s 23.34 3.82 27.16
46 22.94 4.20 27.14
27s 23.13 3.96 27.09
48 22.70 4.36 27.06
26s 23.19 3.87 27.06
39 22.19 4.41 26.60
23s 22.57 3.73 26.30
35 21.92 4.19 26.11
29 21.42 4.33 25.75
34 21.08 4.08 25.16
36 21.01 4.12 25.13
37 20.91 4.21 25.12
38 20.76 4.29 25.05
28 20.20 4.26 24.46
25 20.01 4.11 24.12
24 19.26 3.99 23.25
27 18.98 4.14 23.12
26 19.06 4.04 23.10
23 18.45 3.89 22.34
