AA 55.78 0.65 56.43
KK 49.53 0.65 50.18
QQ 44.43 0.75 45.18
JJ 39.94 0.84 40.78
TT 35.96 0.94 36.90
KAs 34.08 2.61 36.69
QAs 32.27 2.89 35.16
JAs 30.72 3.17 33.89
QKs 31.12 2.73 33.85
KA 30.95 2.70 33.65
99 32.26 0.86 33.12
TAs 29.41 3.44 32.85
JKs 29.60 2.99 32.59
QA 28.98 3.00 31.98
JQs 28.80 3.00 31.80
TKs 28.33 3.23 31.56
TQs 27.58 3.21 30.79
QK 27.87 2.82 30.69
JA 27.28 3.30 30.58
TJs 27.20 3.23 30.43
9As 26.66 3.59 30.25
88 29.15 0.87 30.02
8As 25.58 3.86 29.44
TA 25.83 3.58 29.41
JK 26.21 3.10 29.31
9Ks 25.63 3.30 28.93
7As 24.57 4.06 28.63
JQ 25.48 3.10 28.58
5As 24.08 4.33 28.41
TK 24.83 3.35 28.18
9Qs 24.94 3.24 28.18
9Js 24.61 3.24 27.85
9Ts 24.55 3.28 27.83
4As 23.49 4.25 27.74
TQ 24.14 3.32 27.46
6As 23.33 4.00 27.33
77 26.44 0.87 27.31
TJ 23.86 3.34 27.20
3As 23.00 4.12 27.12
8Ks 23.53 3.49 27.02
9A 22.87 3.76 26.63
2As 22.55 4.02 26.57
7Ks 22.67 3.71 26.38
8Qs 22.88 3.36 26.24
8Ts 22.57 3.35 25.92
8Js 22.59 3.32 25.91
8A 21.68 4.04 25.72
89s 22.33 3.20 25.53
6Ks 21.69 3.72 25.41
9K 21.90 3.44 25.34
5Ks 21.18 3.93 25.11
7A 20.55 4.25 24.80
66 23.95 0.79 24.74
9Q 21.28 3.37 24.65
5A 19.99 4.53 24.52
7Qs 20.98 3.51 24.49
9T 21.05 3.41 24.46
4Ks 20.63 3.83 24.46
9J 21.03 3.36 24.39
7Ts 20.71 3.41 24.12
7Js 20.70 3.42 24.12
78s 20.80 3.19 23.99
79s 20.70 3.25 23.95
3Ks 20.16 3.70 23.86
4A 19.34 4.44 23.78
6Qs 20.13 3.56 23.69
5Qs 19.66 3.74 23.40
6A 19.21 4.17 23.38
2Ks 19.74 3.57 23.31
8K 19.60 3.65 23.25
3A 18.78 4.31 23.09
55 22.10 0.91 23.01
4Qs 19.16 3.63 22.79
8Q 19.03 3.50 22.53
7K 18.64 3.88 22.52
2A 18.28 4.19 22.47
8T 18.91 3.49 22.40
8J 18.83 3.47 22.30
6Js 18.82 3.41 22.23
3Qs 18.71 3.49 22.20
6Ts 18.83 3.35 22.18
68s 19.06 3.12 22.18
67s 19.06 3.11 22.17
5Js 18.45 3.64 22.09
89 18.71 3.32 22.03
69s 18.86 3.17 22.03
2Qs 18.29 3.37 21.66
6K 17.58 3.89 21.47
4Js 17.95 3.52 21.47
57s 18.16 3.16 21.32
56s 18.16 3.01 21.17
44 20.31 0.83 21.14
5K 17.01 4.11 21.12
58s 17.76 3.23 20.99
5Ts 17.43 3.53 20.96
3Js 17.54 3.38 20.92
45s 17.77 3.02 20.79
59s 17.44 3.31 20.75
7Q 16.96 3.67 20.63
4Ts 17.01 3.47 20.48
7T 16.88 3.56 20.44
78 17.10 3.31 20.41
4K 16.40 4.01 20.41
2Js 17.13 3.25 20.38
7J 16.78 3.57 20.35
79 16.93 3.37 20.30
3Ts 16.60 3.32 19.92
6Q 16.04 3.72 19.76
47s 16.73 3.01 19.74
3K 15.88 3.86 19.74
46s 16.88 2.85 19.73
33 18.80 0.76 19.56
5Q 15.50 3.91 19.41
35s 16.55 2.86 19.41
2Ts 16.20 3.19 19.39
48s 16.28 3.09 19.37
49s 16.02 3.21 19.23
2K 15.40 3.74 19.14
39s 15.67 3.12 18.79
4Q 14.93 3.80 18.73
34s 15.97 2.69 18.66
67 15.23 3.22 18.45
68 15.20 3.24 18.44
6T 14.83 3.50 18.33
6J 14.73 3.56 18.29
29s 15.31 2.98 18.29
22 17.59 0.70 18.29
69 14.93 3.29 18.22
36s 15.49 2.70 18.19
37s 15.32 2.86 18.18
5J 14.31 3.81 18.12
3Q 14.43 3.65 18.08
25s 15.21 2.71 17.92
38s 14.92 2.97 17.89
57 14.26 3.29 17.55
28s 14.63 2.89 17.52
2Q 13.95 3.52 17.47
4J 13.76 3.69 17.45
56 14.28 3.12 17.40
24s 14.80 2.53 17.33
58 13.78 3.36 17.14
45 13.87 3.14 17.01
5T 13.30 3.70 17.00
59 13.38 3.45 16.83
3J 13.27 3.53 16.80
27s 13.99 2.75 16.74
26s 14.16 2.54 16.70
23s 14.30 2.35 16.65
4T 12.84 3.64 16.48
2J 12.83 3.39 16.22
46 12.89 2.97 15.86
47 12.69 3.15 15.84
3T 12.36 3.48 15.84
35 12.53 2.98 15.51
48 12.18 3.23 15.41
2T 11.92 3.34 15.26
49 11.82 3.36 15.18
34 11.92 2.79 14.71
39 11.43 3.26 14.69
36 11.39 2.80 14.19
37 11.15 2.99 14.14
29 11.01 3.11 14.12
25 11.07 2.82 13.89
38 10.69 3.11 13.80
28 10.35 3.02 13.37
24 10.64 2.63 13.27
27 9.72 2.87 12.59
26 9.93 2.65 12.58
23 10.10 2.44 12.54
