AA 49.10 0.67 49.77
KK 42.70 0.66 43.36
QQ 37.59 0.77 38.36
JJ 33.22 0.88 34.10
KAs 29.77 2.60 32.37
QAs 27.91 2.90 30.81
TT 29.52 0.99 30.51
QKs 26.97 2.71 29.68
JAs 26.38 3.18 29.56
KA 26.51 2.70 29.21
TAs 25.12 3.44 28.56
JKs 25.49 2.96 28.45
JQs 24.82 2.96 27.78
TKs 24.29 3.20 27.49
QA 24.47 3.01 27.48
99 26.30 0.87 27.17
TQs 23.68 3.18 26.86
TJs 23.40 3.22 26.62
QK 23.62 2.80 26.42
JA 22.78 3.31 26.09
9As 22.53 3.53 26.06
8As 21.53 3.78 25.31
JK 21.98 3.07 25.05
TA 21.38 3.59 24.97
9Ks 21.73 3.20 24.93
7As 20.65 3.95 24.60
5As 20.39 4.20 24.59
88 23.70 0.87 24.57
JQ 21.41 3.08 24.49
9Qs 21.17 3.14 24.31
9Ts 20.98 3.21 24.19
9Js 20.95 3.15 24.10
4As 19.92 4.10 24.02
TK 20.65 3.32 23.97
3As 19.56 3.95 23.51
TQ 20.13 3.30 23.43
6As 19.59 3.81 23.40
TJ 19.97 3.33 23.30
8Ks 19.80 3.36 23.16
2As 19.24 3.82 23.06
7Ks 19.03 3.56 22.59
8Qs 19.29 3.24 22.53
8Ts 19.18 3.25 22.43
77 21.52 0.87 22.39
8Js 19.10 3.21 22.31
9A 18.56 3.69 22.25
89s 18.99 3.04 22.03
6Ks 18.19 3.51 21.70
5Ks 17.80 3.75 21.55
8A 17.47 3.95 21.42
9K 17.86 3.33 21.19
4Ks 17.38 3.62 21.00
7Qs 17.58 3.36 20.94
7Ts 17.49 3.28 20.77
9T 17.41 3.34 20.75
78s 17.73 3.00 20.73
9Q 17.40 3.27 20.67
7Js 17.39 3.27 20.66
79s 17.57 3.07 20.64
7A 16.48 4.14 20.62
9J 17.28 3.28 20.56
5A 16.16 4.39 20.55
3Ks 17.03 3.47 20.50
66 19.56 0.75 20.31
6Qs 16.82 3.35 20.17
2Ks 16.72 3.33 20.05
5Qs 16.46 3.55 20.01
4A 15.65 4.28 19.93
4Qs 16.08 3.42 19.50
3A 15.23 4.12 19.35
6A 15.32 3.98 19.30
8K 15.76 3.51 19.27
55 18.21 0.89 19.10
68s 16.19 2.89 19.08
67s 16.18 2.88 19.06
3Qs 15.75 3.27 19.02
6Ts 15.79 3.17 18.96
6Js 15.72 3.22 18.94
5Js 15.41 3.47 18.88
69s 15.92 2.94 18.86
2A 14.87 3.98 18.85
8T 15.44 3.39 18.83
8Q 15.33 3.37 18.70
8J 15.26 3.35 18.61
7K 14.89 3.72 18.61
2Qs 15.46 3.13 18.59
89 15.32 3.16 18.48
57s 15.54 2.94 18.48
4Js 15.05 3.33 18.38
56s 15.57 2.74 18.31
45s 15.40 2.79 18.19
58s 15.07 3.01 18.08
5Ts 14.57 3.38 17.95
3Js 14.75 3.16 17.91
44 17.01 0.78 17.79
59s 14.66 3.10 17.76
6K 13.96 3.67 17.63
4Ts 14.24 3.30 17.54
2Js 14.46 3.02 17.48
5K 13.52 3.92 17.44
78 13.99 3.12 17.11
3Ts 13.94 3.13 17.07
47s 14.29 2.77 17.06
46s 14.47 2.57 17.04
7T 13.60 3.43 17.03
7Q 13.46 3.52 16.98
35s 14.37 2.61 16.98
79 13.76 3.20 16.96
4K 13.05 3.79 16.84
7J 13.39 3.43 16.82
33 16.06 0.68 16.74
2Ts 13.67 2.98 16.65
48s 13.76 2.86 16.62
49s 13.42 2.99 16.41
34s 13.87 2.42 16.29
3K 12.66 3.62 16.28
6Q 12.64 3.50 16.14
39s 13.15 2.88 16.03
22 15.39 0.59 15.98
5Q 12.23 3.73 15.96
2K 12.32 3.48 15.80
36s 13.25 2.39 15.64
37s 13.03 2.60 15.63
29s 12.90 2.73 15.63
25s 13.19 2.44 15.63
4Q 11.79 3.58 15.37
67 12.34 2.98 15.32
68 12.30 3.00 15.30
38s 12.57 2.73 15.30
24s 12.87 2.25 15.12
6T 11.75 3.32 15.07
69 11.96 3.06 15.02
28s 12.36 2.63 14.99
6J 11.56 3.37 14.93
5J 11.22 3.64 14.86
3Q 11.41 3.42 14.83
57 11.65 3.06 14.71
56 11.70 2.84 14.54
23s 12.47 2.06 14.53
45 11.53 2.90 14.43
27s 11.88 2.49 14.37
2Q 11.09 3.26 14.35
26s 12.08 2.23 14.31
4J 10.81 3.49 14.30
58 11.09 3.14 14.23
5T 10.41 3.56 13.97
59 10.59 3.25 13.84
3J 10.45 3.31 13.76
4T 10.03 3.47 13.50
2J 10.13 3.16 13.29
46 10.50 2.67 13.17
47 10.26 2.89 13.15
35 10.39 2.72 13.11
3T 9.69 3.28 12.97
48 9.66 2.99 12.65
2T 9.39 3.13 12.52
34 9.87 2.51 12.38
49 9.22 3.14 12.36
39 8.92 3.02 11.94
36 9.18 2.49 11.67
25 9.11 2.55 11.66
37 8.89 2.72 11.61
29 8.63 2.85 11.48
38 8.37 2.86 11.23
24 8.79 2.34 11.13
28 8.11 2.75 10.86
23 8.34 2.13 10.47
27 7.66 2.61 10.27
26 7.90 2.32 10.22
