AA 43.45 0.68 44.13
KK 37.17 0.66 37.83
QQ 32.22 0.79 33.01
JJ 28.14 0.91 29.05
KAs 26.39 2.62 29.01
QAs 24.55 2.92 27.47
QKs 23.74 2.70 26.44
JAs 23.09 3.20 26.29
TT 24.79 1.04 25.83
KA 23.05 2.72 25.77
TAs 21.92 3.46 25.38
JKs 22.34 2.96 25.30
JQs 21.76 2.96 24.72
TKs 21.23 3.20 24.43
QA 21.01 3.04 24.05
TQs 20.70 3.18 23.88
TJs 20.50 3.22 23.72
QK 20.31 2.80 23.11
9As 19.51 3.49 23.00
99 22.08 0.88 22.96
JA 19.38 3.33 22.71
8As 18.60 3.72 22.32
9Ks 18.84 3.13 21.97
5As 17.73 4.11 21.84
JK 18.73 3.07 21.80
7As 17.83 3.88 21.71
TA 18.06 3.60 21.66
9Ts 18.32 3.17 21.49
9Qs 18.37 3.08 21.45
4As 17.38 3.99 21.37
JQ 18.27 3.08 21.35
9Js 18.22 3.10 21.32
3As 17.11 3.82 20.93
88 19.97 0.88 20.85
TK 17.49 3.32 20.81
6As 16.93 3.68 20.61
2As 16.88 3.69 20.57
TQ 17.08 3.30 20.38
8Ks 17.09 3.28 20.37
TJ 17.01 3.35 20.36
8Ts 16.68 3.19 19.87
7Ks 16.40 3.46 19.86
8Qs 16.65 3.16 19.81
8Js 16.54 3.14 19.68
89s 16.56 2.94 19.50
77 18.25 0.88 19.13
9A 15.43 3.66 19.09
6Ks 15.69 3.36 19.05
5Ks 15.38 3.61 18.99
4Ks 15.05 3.48 18.53
78s 15.53 2.88 18.41
7Qs 15.11 3.27 18.38
7Ts 15.16 3.21 18.37
8A 14.42 3.89 18.31
79s 15.32 2.95 18.27
7Js 15.00 3.19 18.19
9K 14.87 3.27 18.14
3Ks 14.81 3.31 18.12
9T 14.71 3.30 18.01
2Ks 14.59 3.16 17.75
9J 14.50 3.24 17.74
9Q 14.52 3.21 17.73
5A 13.43 4.30 17.73
6Qs 14.46 3.21 17.67
5Qs 14.19 3.44 17.63
7A 13.56 4.06 17.62
66 16.73 0.71 17.44
4Qs 13.90 3.29 17.19
4A 13.03 4.16 17.19
68s 14.15 2.72 16.87
67s 14.15 2.72 16.87
3Qs 13.66 3.11 16.77
3A 12.73 3.98 16.71
6Ts 13.63 3.05 16.68
55 15.74 0.89 16.63
5Js 13.26 3.36 16.62
69s 13.83 2.77 16.60
6Js 13.50 3.09 16.59
57s 13.72 2.79 16.51
6A 12.58 3.84 16.42
45s 13.76 2.66 16.42
2Qs 13.46 2.96 16.42
8K 12.96 3.43 16.39
56s 13.76 2.56 16.32
2A 12.47 3.83 16.30
8T 12.92 3.33 16.25
4Js 12.99 3.21 16.20
58s 13.18 2.87 16.05
8J 12.65 3.28 15.93
89 12.87 3.06 15.93
8Q 12.63 3.29 15.92
5Ts 12.54 3.31 15.85
7K 12.19 3.62 15.81
3Js 12.77 3.03 15.80
44 14.98 0.75 15.73
59s 12.70 2.97 15.67
4Ts 12.28 3.19 15.47
2Js 12.57 2.88 15.45
35s 12.84 2.47 15.31
47s 12.59 2.61 15.20
46s 12.80 2.38 15.18
3Ts 12.07 3.01 15.08
33 14.41 0.62 15.03
6K 11.39 3.51 14.90
5K 11.05 3.79 14.84
78 11.80 3.00 14.80
2Ts 11.89 2.85 14.74
48s 12.00 2.70 14.70
34s 12.41 2.26 14.67
7T 11.25 3.36 14.61
79 11.50 3.08 14.58
22 14.06 0.52 14.58
49s 11.60 2.85 14.45
7Q 10.96 3.43 14.39
4K 10.69 3.64 14.33
7J 10.96 3.34 14.30
39s 11.39 2.72 14.11
25s 11.78 2.29 14.07
37s 11.44 2.44 13.88
36s 11.69 2.19 13.88
3K 10.40 3.46 13.86
29s 11.23 2.56 13.79
24s 11.53 2.09 13.62
6Q 10.23 3.35 13.58
5Q 9.92 3.61 13.53
38s 10.94 2.58 13.52
2K 10.16 3.30 13.46
28s 10.78 2.47 13.25
67 10.34 2.82 13.16
68 10.29 2.83 13.12
23s 11.19 1.88 13.07
4Q 9.59 3.45 13.04
57 9.87 2.92 12.79
6T 9.58 3.20 12.78
69 9.89 2.89 12.78
27s 10.42 2.33 12.75
45 9.95 2.76 12.71
26s 10.64 2.01 12.65
5J 9.06 3.54 12.60
56 9.93 2.66 12.59
3Q 9.32 3.26 12.58
6J 9.33 3.24 12.57
58 9.23 3.00 12.23
2Q 9.09 3.10 12.19
4J 8.74 3.37 12.11
5T 8.39 3.49 11.88
59 8.65 3.11 11.76
3J 8.49 3.18 11.67
35 8.95 2.57 11.52
4T 8.09 3.36 11.45
46 8.89 2.48 11.37
47 8.62 2.73 11.35
2J 8.27 3.01 11.28
3T 7.85 3.17 11.02
34 8.49 2.35 10.84
48 7.95 2.83 10.78
2T 7.65 3.00 10.65
49 7.45 3.00 10.45
25 7.80 2.39 10.19
39 7.21 2.85 10.06
36 7.70 2.28 9.98
37 7.38 2.55 9.93
24 7.55 2.17 9.72
29 7.02 2.69 9.71
38 6.80 2.71 9.51
28 6.61 2.58 9.19
23 7.18 1.96 9.14
27 6.29 2.44 8.73
26 6.56 2.10 8.66
