AA 38.64 0.68 39.32
KK 32.64 0.66 33.30
QQ 27.97 0.80 28.77
KAs 23.62 2.66 26.28
JJ 24.26 0.94 25.20
QAs 21.86 2.95 24.81
QKs 21.12 2.72 23.84
JAs 20.49 3.22 23.71
KA 20.21 2.75 22.96
TAs 19.41 3.48 22.89
JKs 19.82 2.97 22.79
TT 21.29 1.08 22.37
JQs 19.30 2.98 22.28
TKs 18.82 3.21 22.03
TQs 18.37 3.20 21.57
TJs 18.23 3.25 21.48
QA 18.23 3.06 21.29
9As 17.18 3.46 20.64
QK 17.62 2.81 20.43
JA 16.69 3.35 20.04
8As 16.36 3.67 20.03
99 19.06 0.90 19.96
5As 15.72 4.04 19.76
9Ks 16.60 3.09 19.69
7As 15.69 3.81 19.50
9Ts 16.29 3.16 19.45
4As 15.45 3.89 19.34
9Qs 16.20 3.05 19.25
JK 16.16 3.08 19.24
9Js 16.12 3.08 19.20
TA 15.47 3.62 19.09
3As 15.26 3.71 18.97
JQ 15.77 3.09 18.86
2As 15.10 3.57 18.67
6As 14.94 3.55 18.49
TK 15.02 3.33 18.35
8Ks 15.02 3.23 18.25
88 17.36 0.89 18.25
TJ 14.71 3.37 18.08
TQ 14.70 3.32 18.02
8Ts 14.80 3.16 17.96
7Ks 14.41 3.38 17.79
8Qs 14.64 3.10 17.74
8Js 14.59 3.10 17.69
89s 14.73 2.87 17.60
5Ks 13.56 3.52 17.08
6Ks 13.81 3.24 17.05
77 16.03 0.89 16.92
78s 13.90 2.80 16.70
4Ks 13.31 3.37 16.68
9A 13.03 3.63 16.66
7Ts 13.41 3.17 16.58
79s 13.64 2.88 16.52
7Qs 13.26 3.21 16.47
7Js 13.19 3.14 16.33
3Ks 13.13 3.19 16.32
2Ks 12.98 3.03 16.01
9T 12.67 3.29 15.96
8A 12.11 3.84 15.95
5Qs 12.48 3.35 15.83
9K 12.57 3.23 15.80
6Qs 12.69 3.09 15.78
5A 11.37 4.22 15.59
9J 12.37 3.21 15.58
66 14.82 0.69 15.51
9Q 12.31 3.18 15.49
4Qs 12.27 3.19 15.46
7A 11.36 3.99 15.35
68s 12.65 2.61 15.26
67s 12.64 2.62 15.26
4A 11.07 4.06 15.13
45s 12.52 2.59 15.11
3Qs 12.10 3.00 15.10
57s 12.36 2.71 15.07
6Ts 12.02 2.97 14.99
55 14.09 0.89 14.98
5Js 11.65 3.30 14.95
69s 12.29 2.65 14.94
56s 12.41 2.45 14.86
6Js 11.85 3.00 14.85
2Qs 11.97 2.85 14.82
3A 10.85 3.86 14.71
4Js 11.45 3.12 14.57
58s 11.78 2.78 14.56
2A 10.67 3.71 14.38
44 13.62 0.74 14.36
8T 11.03 3.31 14.34
5Ts 11.03 3.26 14.29
6A 10.54 3.70 14.24
3Js 11.30 2.94 14.24
8K 10.84 3.38 14.22
59s 11.26 2.88 14.14
35s 11.69 2.40 14.09
89 11.05 2.99 14.04
4Ts 10.82 3.13 13.95
2Js 11.17 2.78 13.95
8J 10.69 3.24 13.93
33 13.31 0.59 13.90
8Q 10.59 3.25 13.84
47s 11.32 2.51 13.83
46s 11.55 2.25 13.80
7K 10.16 3.54 13.70
22 13.15 0.47 13.62
3Ts 10.67 2.94 13.61
34s 11.30 2.18 13.48
2Ts 10.56 2.78 13.34
48s 10.70 2.60 13.30
78 10.20 2.92 13.12
49s 10.26 2.76 13.02
25s 10.71 2.22 12.93
5K 9.21 3.69 12.90
6K 9.49 3.38 12.87
79 9.85 3.00 12.85
7T 9.51 3.33 12.84
39s 10.10 2.62 12.72
37s 10.27 2.34 12.61
36s 10.54 2.06 12.60
24s 10.52 2.01 12.53
7Q 9.09 3.37 12.46
4K 8.93 3.52 12.45
7J 9.15 3.29 12.44
29s 9.99 2.45 12.44
38s 9.73 2.48 12.21
3K 8.72 3.33 12.05
23s 10.22 1.80 12.02
28s 9.61 2.36 11.97
5Q 8.22 3.52 11.74
2K 8.56 3.16 11.72
6Q 8.46 3.24 11.70
67 8.88 2.72 11.60
27s 9.34 2.24 11.58
68 8.84 2.71 11.55
45 8.80 2.70 11.50
26s 9.57 1.88 11.45
57 8.58 2.83 11.41
4Q 7.97 3.34 11.31
56 8.66 2.55 11.21
69 8.38 2.77 11.15
6T 7.99 3.12 11.11
5J 7.47 3.47 10.94
3Q 7.78 3.15 10.93
6J 7.69 3.16 10.85
58 7.89 2.92 10.81
2Q 7.62 2.98 10.60
4J 7.23 3.28 10.51
35 7.91 2.49 10.40
5T 6.92 3.45 10.37
59 7.26 3.03 10.29
3J 7.06 3.08 10.14
47 7.44 2.64 10.08
46 7.73 2.35 10.08
4T 6.68 3.30 9.98
2J 6.91 2.91 9.82
34 7.50 2.26 9.76
3T 6.51 3.09 9.60
48 6.72 2.74 9.46
2T 6.38 2.92 9.30
25 6.85 2.31 9.16
49 6.17 2.91 9.08
36 6.64 2.15 8.79
37 6.31 2.45 8.76
24 6.66 2.09 8.75
39 5.99 2.75 8.74
29 5.86 2.57 8.43
38 5.68 2.61 8.29
23 6.33 1.86 8.19
28 5.54 2.48 8.02
27 5.31 2.35 7.66
26 5.61 1.96 7.57
